# unix_time, cycles_done, cur_path, paths_total, pending_total, pending_favs, map_size, unique_crashes, unique_hangs, max_depth, execs_per_sec
1604471891, 0, 0, 3, 3, 3, 11.49%, 0, 0, 1, 15125.00
1604471896, 0, 0, 28, 28, 3, 11.63%, 0, 0, 2, 241.41
1604471901, 0, 0, 55, 55, 3, 11.63%, 0, 0, 2, 215.17
1604471906, 0, 0, 83, 83, 3, 11.64%, 0, 0, 2, 229.40
1604471912, 0, 0, 109, 109, 3, 11.64%, 0, 0, 2, 227.72
1604471917, 0, 0, 135, 135, 3, 11.64%, 0, 0, 2, 223.53
1604471922, 0, 0, 160, 160, 3, 11.64%, 0, 0, 2, 222.28
1604471927, 0, 0, 185, 185, 3, 11.64%, 0, 0, 2, 211.18
1604471932, 0, 0, 210, 210, 3, 11.65%, 0, 0, 2, 212.29
1604471937, 0, 0, 232, 232, 3, 11.67%, 0, 0, 2, 184.18
1604471942, 0, 0, 254, 254, 3, 11.67%, 0, 0, 2, 196.74
1604471947, 0, 0, 277, 277, 3, 11.67%, 1, 0, 2, 198.90
1604471952, 0, 0, 297, 297, 3, 11.68%, 2, 0, 2, 189.59
1604471957, 0, 0, 315, 315, 3, 11.70%, 2, 0, 2, 183.34
1604471962, 0, 0, 331, 331, 3, 11.70%, 2, 0, 2, 171.13
1604471967, 0, 0, 348, 348, 3, 11.71%, 2, 0, 2, 155.00
1604471973, 0, 0, 364, 364, 3, 11.72%, 2, 0, 2, 146.43
1604471978, 0, 0, 379, 379, 3, 11.72%, 2, 0, 2, 143.79
1604471983, 0, 0, 393, 393, 3, 11.72%, 2, 0, 2, 137.40
1604471988, 0, 0, 410, 410, 3, 11.72%, 2, 0, 2, 153.11
1604471989, 0, 0, 414, 414, 3, 0.00%, 2, 0, 2, 0.00
